10.202
10.6061
11.0101
11.4141
11.8182
12.2222
12.6263
13.0303
13.4343
13.8384
14.2424
14.6465
15.0505
15.4545
15.8586
16.2626
16.6667
17.0707
17.4747
17.8788
18.2828
18.6869
19.0909
19.4949
19.899
20.303
20.7071
21.1111
21.5152
21.9192
22.3232
22.7273
23.1313
23.5354
23.9394
24.3434
24.7475
25.1515
25.5556
25.9596
26.3636
26.7677
27.1717
27.5758
27.9798
28.3838
28.7879
29.1919
29.596
30
30.404
30.8081
31.2121
31.6162
32.0202
32.4242
32.8283
33.2323
33.6364
34.0404
34.4444
34.8485
35.2525
35.6566
36.0606
36.4646
36.8687
37.2727
37.6768
38.0808
38.4848
38.8889
39.2929
39.697
40.101
40.5051
40.9091
41.3131
41.7172
42.1212
42.5253
42.9293
43.3333
43.7374
44.1414
44.5455
44.9495
45.3535
45.7576
46.1616
46.5657
46.9697
47.3737
47.7778
48.1818
48.5859
48.9899
49.3939
49.798
