-0.463535
-0.331971
-0.280833
-0.236578
-0.25992
-0.22152
-0.194553
-0.208014
-0.19714
-0.141595
-0.141765
-0.155525
-0.175607
-0.14429
-0.144771
-0.147779
-0.109363
-0.111345
-0.138167
-0.0972925
-0.0810445
-0.0579577
-0.0722798
-0.0693668
-0.0428977
-0.0390812
-0.0464811
-0.0432563
-0.0547645
-0.0236306
-0.0297897
-0.0404741
-0.0119807
-0.0371945
-0.0122628
-0.0465508
-0.0359945
-0.0259563
-0.0142974
-0.0210342
-0.022852
-0.00654875
-0.0123518
-0.0214038
-0.0353129
-0.0289755
-0.0113234
-0.00826697
-0.0140629
0.00695141
-0.00162526
-0.00265335
7.50549e-05
0.00968493
0.0187558
0.0206225
0.0238041
0.0198731
0.0160861
0.00216173
0.0154649
0.00829245
0.00230402
-0.00547087
-0.00572339
0.0125313
0.00458301
0.00454907
-0.000711413
0.00140696
0.00357272
-0.00150316
0.00639167
0.00912878
0.0123347
-0.00436923
0.00671764
0.0108146
0.0122922
0.0167003
-0.00398986
-0.0167477
-0.0145952
0.00563803
0.00592266
0.0078179
0.00530789
0.00118502
-0.00421277
-0.0046637
-0.00896032
-0.00372838
0.00327012
-0.00957802
0.0113473
0.0163273
0.0286505
0.0915338
0.265173
