1664
2455
2897
3839
3885
4449
5463
6624
6150
7919
7951
9125
10594
11181
12365
13519
14955
17211
18322
22759
27420
29300
33645
37178
40514
44013
48711
54865
60346
65582
71555
72661
85237
90838
94674
103557
122556
127288
141400
147736
146503
159396
174650
179208
190929
206759
228632
246576
266114
298965
311323
337219
363216
383086
399826
416542
442662
457198
493126
506658
531668
562950
602795
640212
650329
681372
687841
708782
708385
715750
734602
764645
823949
837746
843185
866496
935027
944598
918403
941530
993654
1.04059e+06
1.07954e+06
1.11118e+06
1.18566e+06
1.24187e+06
1.30067e+06
1.32132e+06
1.3638e+06
1.40944e+06
1.47531e+06
1.501e+06
1.53722e+06
1.524e+06
1.52472e+06
1.56578e+06
1.66773e+06
1.82469e+06
2.34059e+06
